0.000010 0.000010 0.268326
0.000010 0.000100 0.268326
0.000010 0.001000 0.268326
0.000010 0.010000 0.268326
0.000010 0.100000 0.268326
0.000010 1.000000 0.268667
0.000010 10.000000 0.269349
0.000010 100.000000 0.280600
0.000010 1000.000000 0.315718
0.000010 10000.000000 0.374020
0.000010 100000.000000 0.380498
0.000100 0.000010 0.365837
0.000100 0.000100 0.365837
0.000100 0.001000 0.365837
0.000100 0.010000 0.365837
0.000100 0.100000 0.365837
0.000100 1.000000 0.365837
0.000100 10.000000 0.366860
0.000100 100.000000 0.371633
0.000100 1000.000000 0.408796
0.000100 10000.000000 0.446642
0.000100 100000.000000 0.441186
0.001000 0.000010 0.459257
0.001000 0.000100 0.459257
0.001000 0.001000 0.459257
0.001000 0.010000 0.459257
0.001000 0.100000 0.459257
0.001000 1.000000 0.459257
0.001000 10.000000 0.458916
0.001000 100.000000 0.464712
0.001000 1000.000000 0.485169
0.001000 10000.000000 0.516877
0.001000 100000.000000 0.485851
0.010000 0.000010 0.472895
0.010000 0.000100 0.472895
0.010000 0.001000 0.472895
0.010000 0.010000 0.472895
0.010000 0.100000 0.472895
0.010000 1.000000 0.472554
0.010000 10.000000 0.474258
0.010000 100.000000 0.480055
0.010000 1000.000000 0.493352
0.010000 10000.000000 0.490624
0.010000 100000.000000 0.421412
0.100000 0.000010 0.365496
0.100000 0.000100 0.365496
0.100000 0.001000 0.365496
0.100000 0.010000 0.365496
0.100000 0.100000 0.365496
0.100000 1.000000 0.365155
0.100000 10.000000 0.365155
0.100000 100.000000 0.368224
0.100000 1000.000000 0.374020
0.100000 10000.000000 0.363450
0.100000 100000.000000 0.284691
1.000000 0.000010 0.277872
1.000000 0.000100 0.277872
1.000000 0.001000 0.277872
1.000000 0.010000 0.277872
1.000000 0.100000 0.277872
1.000000 1.000000 0.277872
1.000000 10.000000 0.278554
1.000000 100.000000 0.277872
1.000000 1000.000000 0.281282
1.000000 10000.000000 0.282987
1.000000 100000.000000 0.213774
10.000000 0.000010 0.233549
10.000000 0.000100 0.233549
10.000000 0.001000 0.233549
10.000000 0.010000 0.233549
10.000000 0.100000 0.233549
10.000000 1.000000 0.233549
10.000000 10.000000 0.233890
10.000000 100.000000 0.235936
10.000000 1000.000000 0.249233
10.000000 10000.000000 0.260143
10.000000 100000.000000 0.209683
100.000000 0.000010 0.226730
100.000000 0.000100 0.226730
100.000000 0.001000 0.226730
100.000000 0.010000 0.226730
100.000000 0.100000 0.226730
100.000000 1.000000 0.226730
100.000000 10.000000 0.227412
100.000000 100.000000 0.228776
100.000000 1000.000000 0.240368
100.000000 10000.000000 0.258779
100.000000 100000.000000 0.209001
1000.000000 0.000010 0.225707
1000.000000 0.000100 0.225707
1000.000000 0.001000 0.225707
1000.000000 0.010000 0.225707
1000.000000 0.100000 0.225707
1000.000000 1.000000 0.225707
1000.000000 10.000000 0.226389
1000.000000 100.000000 0.228776
1000.000000 1000.000000 0.238663
1000.000000 10000.000000 0.259461
1000.000000 100000.000000 0.209001
10000.000000 0.000010 0.225707
10000.000000 0.000100 0.225707
10000.000000 0.001000 0.225707
10000.000000 0.010000 0.225707
10000.000000 0.100000 0.225707
10000.000000 1.000000 0.225707
10000.000000 10.000000 0.226389
10000.000000 100.000000 0.228776
10000.000000 1000.000000 0.238663
10000.000000 10000.000000 0.259461
10000.000000 100000.000000 0.209001
100000.000000 0.000010 0.226048
100000.000000 0.000100 0.226048
100000.000000 0.001000 0.226048
100000.000000 0.010000 0.226048
100000.000000 0.100000 0.226048
100000.000000 1.000000 0.225707
100000.000000 10.000000 0.226389
100000.000000 100.000000 0.228776
100000.000000 1000.000000 0.238663
100000.000000 10000.000000 0.259461
100000.000000 100000.000000 0.209001
